0:
[[ 1.67311085e+00  3.74834419e-01 -7.38779353e+01]
 [ 7.87600697e-02  2.09954417e+00 -1.11424600e+02]
 [ 4.71344593e-04  2.91647520e-03  1.00000000e+00]]
1:
[[ 1.82079473e+00  5.46236944e-01 -9.27434090e+01]
 [ 1.73012490e-02  2.68421829e+00 -1.44176682e+02]
 [ 2.95924306e-04  4.47720695e-03  1.00000000e+00]]
2:
[[ 1.74515835e+00  5.34977911e-01 -8.50232142e+01]
 [ 2.71603290e-03  2.67095995e+00 -1.46493888e+02]
 [ 1.42949100e-04  4.47989211e-03  1.00000000e+00]]
3:
[[ 1.83781203e+00  6.68668052e-01 -1.02322360e+02]
 [ 7.17023335e-03  2.97560778e+00 -1.66580059e+02]
 [ 9.96288009e-05  5.38451572e-03  1.00000000e+00]]
4:
[[ 1.86775331e+00  7.10348656e-01 -1.03326612e+02]
 [ 1.20877373e-02  3.08317253e+00 -1.77539352e+02]
 [ 8.12239891e-05  5.70763491e-03  1.00000000e+00]]
5:
[[ 1.88504939e+00  8.03576244e-01 -1.15117944e+02]
 [ 5.13567540e-03  3.22056073e+00 -1.89775078e+02]
 [-2.23531891e-05  6.10242062e-03  1.00000000e+00]]
6:
[[ 1.85261370e+00  7.37377085e-01 -1.03435817e+02]
 [ 5.69264786e-03  3.14587504e+00 -1.83695738e+02]
 [ 2.01866945e-05  5.99494984e-03  1.00000000e+00]]
7:
[[ 2.09500025e+00  8.02062125e-01 -1.25079304e+02]
 [ 2.90114188e-02  3.34838623e+00 -1.96042553e+02]
 [ 3.64790118e-04  6.45540653e-03  1.00000000e+00]]
8:
[[ 2.28582979e+00  9.60326195e-01 -1.43586753e+02]
 [ 4.35178150e-02  3.84251363e+00 -2.31900310e+02]
 [ 4.53541708e-04  7.79319563e-03  1.00000000e+00]]
9:
[[ 2.12181605e+00  8.95489564e-01 -1.32305490e+02]
 [ 1.95237591e-02  3.63090075e+00 -2.18797396e+02]
 [ 1.65009142e-04  7.38151117e-03  1.00000000e+00]]
10:
[[ 2.22456558e+00  9.25312157e-01 -1.36475902e+02]
 [ 1.18004688e-02  3.70027297e+00 -2.16372053e+02]
 [ 3.92340644e-04  7.64409602e-03  1.00000000e+00]]
11:
[[ 2.23053074e+00  9.49461827e-01 -1.44756108e+02]
 [ 5.27792131e-03  3.74185821e+00 -2.20228907e+02]
 [ 4.05993947e-04  7.51204141e-03  1.00000000e+00]]
12:
[[ 2.19781702e+00  9.46288487e-01 -1.47495114e+02]
 [-1.51405655e-02  3.65848292e+00 -2.13772264e+02]
 [ 2.34889999e-04  7.45939739e-03  1.00000000e+00]]
13:
[[ 1.87180231e+00  8.30348691e-01 -1.16912746e+02]
 [-2.90818029e-02  3.19021834e+00 -1.82704017e+02]
 [-1.91765098e-04  6.45149873e-03  1.00000000e+00]]
14:
[[ 2.13176733e+00  1.05211521e+00 -1.46071958e+02]
 [ 1.17429266e-02  3.70515158e+00 -2.19661294e+02]
 [-8.50166633e-06  8.10740155e-03  1.00000000e+00]]
15:
[[ 2.19550936e+00  1.11072013e+00 -1.54716022e+02]
 [ 1.87782640e-02  3.83605170e+00 -2.34410163e+02]
 [ 6.92924872e-05  8.32710309e-03  1.00000000e+00]]
16:
[[ 2.00340534e+00  9.58549844e-01 -1.32404794e+02]
 [ 4.02868301e-03  3.45053197e+00 -2.03504085e+02]
 [-1.30500852e-04  7.40627718e-03  1.00000000e+00]]
17:
[[ 2.05946281e+00  1.01003426e+00 -1.39918691e+02]
 [-1.23898122e-02  3.58034038e+00 -2.13472751e+02]
 [-9.59838850e-05  7.71486617e-03  1.00000000e+00]]
18:
[[ 2.00819931e+00  9.13457080e-01 -1.27150109e+02]
 [-2.86105729e-02  3.36895055e+00 -1.91890575e+02]
 [-1.06428512e-05  7.18895836e-03  1.00000000e+00]]
19:
[[ 2.04824550e+00  9.60513852e-01 -1.32300433e+02]
 [-2.92513107e-02  3.42848697e+00 -1.96974441e+02]
 [-6.05620155e-05  7.40056403e-03  1.00000000e+00]]
20:
[[ 2.18811581e+00  9.79213474e-01 -1.42378443e+02]
 [ 8.45337204e-03  3.64995041e+00 -2.14530387e+02]
 [ 1.82979198e-04  7.75867387e-03  1.00000000e+00]]
21:
[[ 2.39433263e+00  1.10349672e+00 -1.71832719e+02]
 [ 9.34932759e-03  3.90931726e+00 -2.36605109e+02]
 [ 3.19066765e-04  8.69057302e-03  1.00000000e+00]]
22:
[[ 1.98225309e+00  9.45750355e-01 -1.32022703e+02]
 [-8.14215214e-03  3.41781139e+00 -2.00733720e+02]
 [-2.22762207e-04  7.36483364e-03  1.00000000e+00]]
23:
[[ 2.12861786e+00  9.57880743e-01 -1.35995971e+02]
 [-3.45856111e-02  3.62166262e+00 -2.08559290e+02]
 [ 7.41838009e-05  7.75353718e-03  1.00000000e+00]]
24:
[[ 2.22269931e+00  9.79954476e-01 -1.51106301e+02]
 [-2.09250299e-02  3.55028238e+00 -2.03435728e+02]
 [ 2.23022132e-04  7.53025117e-03  1.00000000e+00]]
25:
[[ 2.00415665e+00  9.04112310e-01 -1.28245318e+02]
 [-1.59102879e-02  3.33789428e+00 -1.89453418e+02]
 [ 8.06064985e-05  6.90529004e-03  1.00000000e+00]]
26:
[[ 2.05254994e+00  9.35914779e-01 -1.37422717e+02]
 [-2.20840247e-02  3.41708922e+00 -1.95453700e+02]
 [ 5.92772956e-05  7.05179763e-03  1.00000000e+00]]
27:
[[ 1.95789579e+00  6.99786077e-01 -1.15386729e+02]
 [ 1.40710193e-02  2.92663300e+00 -1.69058338e+02]
 [ 2.11654156e-04  5.53245138e-03  1.00000000e+00]]
28:
[[ 1.70923569e+00  5.80692455e-01 -9.50068919e+01]
 [ 7.98158515e-03  2.56954241e+00 -1.43053419e+02]
 [-1.09814898e-04  4.62095132e-03  1.00000000e+00]]
29:
[[ 1.70233774e+00  4.62116380e-01 -8.07193361e+01]
 [ 3.67466600e-02  2.38600726e+00 -1.33693265e+02]
 [ 9.93849565e-05  3.91071280e-03  1.00000000e+00]]
30:
[[ 1.60941016e+00  3.88755382e-01 -7.08480106e+01]
 [ 6.38714721e-02  2.10792928e+00 -1.09871205e+02]
 [ 3.35109058e-04  3.00085643e-03  1.00000000e+00]]
31:
[[ 1.72053879e+00  5.66481915e-01 -8.52096845e+01]
 [-1.37710249e-02  2.73174721e+00 -1.47925097e+02]
 [ 8.69541488e-05  4.62037313e-03  1.00000000e+00]]
32:
[[ 1.81738228e+00  6.64270253e-01 -1.01424779e+02]
 [ 2.20556102e-03  2.88667411e+00 -1.59525074e+02]
 [ 1.16082159e-04  5.11683328e-03  1.00000000e+00]]
33:
[[ 1.85647327e+00  7.35848168e-01 -1.06327805e+02]
 [ 7.20137948e-04  3.17838814e+00 -1.79907743e+02]
 [ 4.23610557e-05  5.98262698e-03  1.00000000e+00]]
34:
[[ 2.07752532e+00  6.88105421e-01 -1.20171206e+02]
 [ 3.67083509e-02  3.09863221e+00 -1.79870640e+02]
 [ 4.81826614e-04  5.55062825e-03  1.00000000e+00]]
35:
[[ 1.97052075e+00  7.63564413e-01 -1.16087457e+02]
 [ 2.52499587e-02  3.28484604e+00 -1.95019289e+02]
 [ 2.08749440e-04  6.07621824e-03  1.00000000e+00]]
36:
[[ 1.96182362e+00  7.33716689e-01 -1.09512411e+02]
 [ 1.96777854e-02  3.20871004e+00 -1.87016146e+02]
 [ 1.92410033e-04  6.05834304e-03  1.00000000e+00]]
37:
[[ 2.00968025e+00  7.94838288e-01 -1.19758902e+02]
 [ 1.94100172e-02  3.34616547e+00 -1.99753185e+02]
 [ 1.96014374e-04  6.40007351e-03  1.00000000e+00]]
38:
[[ 2.21797985e+00  8.58207293e-01 -1.31409278e+02]
 [ 3.09664522e-02  3.64769519e+00 -2.17579791e+02]
 [ 4.82395915e-04  7.14072162e-03  1.00000000e+00]]
39:
[[ 2.05070642e+00  8.60511174e-01 -1.25525398e+02]
 [-3.46659678e-03  3.41442211e+00 -1.98036977e+02]
 [ 1.68266940e-04  6.82300105e-03  1.00000000e+00]]
40:
[[ 2.03730783e+00  8.48089165e-01 -1.25811102e+02]
 [ 8.03232292e-03  3.35146204e+00 -1.94911047e+02]
 [ 1.61667657e-04  6.64256461e-03  1.00000000e+00]]
41:
[[ 2.16601818e+00  9.11029213e-01 -1.39138159e+02]
 [ 3.51789495e-03  3.56450459e+00 -2.07607280e+02]
 [ 2.51278211e-04  7.27791792e-03  1.00000000e+00]]
42:
[[ 2.01363356e+00  7.58269274e-01 -1.18068312e+02]
 [ 2.52883944e-03  3.21109215e+00 -1.85893920e+02]
 [ 1.80631389e-04  6.26783222e-03  1.00000000e+00]]
43:
[[ 2.20781132e+00  1.01165499e+00 -1.50076909e+02]
 [ 2.71298538e-02  3.71378103e+00 -2.24291557e+02]
 [ 2.49594537e-04  7.76093574e-03  1.00000000e+00]]
44:
[[ 2.14129108e+00  9.18718725e-01 -1.34778243e+02]
 [-9.85604897e-03  3.54241930e+00 -2.06722804e+02]
 [ 1.61755807e-04  7.48396988e-03  1.00000000e+00]]
45:
[[ 2.09295750e+00  9.97419555e-01 -1.42405480e+02]
 [ 5.54919763e-03  3.64315839e+00 -2.20046803e+02]
 [-2.97366087e-05  7.79099148e-03  1.00000000e+00]]
46:
[[ 1.93511243e+00  7.04317346e-01 -1.15597610e+02]
 [ 1.10806773e-03  2.93232072e+00 -1.69964143e+02]
 [ 8.52359792e-05  5.65430585e-03  1.00000000e+00]]
47:
[[ 2.39507581e+00  1.03759648e+00 -1.63641395e+02]
 [ 4.70038408e-02  3.83423135e+00 -2.39057447e+02]
 [ 3.40878560e-04  8.36121831e-03  1.00000000e+00]]
48:
[[ 2.03382496e+00  9.16749167e-01 -1.25584476e+02]
 [-5.51871890e-03  3.43977078e+00 -2.06553285e+02]
 [ 2.84135490e-05  7.33069563e-03  1.00000000e+00]]
49:
[[ 2.25723527e+00  1.03296479e+00 -1.53470694e+02]
 [ 6.83424608e-03  3.77155111e+00 -2.27926960e+02]
 [ 8.05729413e-05  8.40849374e-03  1.00000000e+00]]
50:
[[ 2.08892627e+00  8.28027882e-01 -1.27339259e+02]
 [-3.17775738e-03  3.25682459e+00 -1.86521517e+02]
 [ 1.76884152e-04  6.81465787e-03  1.00000000e+00]]
51:
[[ 2.28350242e+00  1.05482203e+00 -1.56744076e+02]
 [ 2.92814475e-03  3.73906929e+00 -2.19492891e+02]
 [ 2.25241904e-04  8.18214356e-03  1.00000000e+00]]
52:
[[ 1.86087658e+00  9.73501768e-01 -1.26488241e+02]
 [-2.01282525e-02  3.40311794e+00 -2.02060821e+02]
 [-4.56292891e-04  7.41022924e-03  1.00000000e+00]]
53:
[[ 2.12487911e+00  8.78274446e-01 -1.33170357e+02]
 [ 1.68823909e-03  3.44582244e+00 -2.04407029e+02]
 [ 1.53476281e-04  7.28069183e-03  1.00000000e+00]]
54:
[[ 1.96584953e+00  8.75021758e-01 -1.27562245e+02]
 [-1.20687173e-02  3.21862751e+00 -1.88087073e+02]
 [-9.14622354e-05  6.77465209e-03  1.00000000e+00]]
55:
[[ 1.91713931e+00  7.73488706e-01 -1.17812720e+02]
 [ 3.83666906e-02  3.08348589e+00 -1.84458508e+02]
 [ 1.30248770e-05  6.15182818e-03  1.00000000e+00]]
56:
[[ 1.90862213e+00  7.36408608e-01 -1.12798450e+02]
 [-5.06247425e-03  2.99308940e+00 -1.70569022e+02]
 [ 2.27827438e-05  5.87794789e-03  1.00000000e+00]]
57:
[[ 1.92697299e+00  7.78212139e-01 -1.15734310e+02]
 [ 2.84498605e-02  3.09935797e+00 -1.81980482e+02]
 [ 6.15157480e-05  6.18754588e-03  1.00000000e+00]]
58:
[[ 1.71516423e+00  5.36571187e-01 -8.72250493e+01]
 [ 1.55575934e-02  2.57973609e+00 -1.45412971e+02]
 [ 2.14127896e-05  4.55458776e-03  1.00000000e+00]]
59:
[[ 1.74205704e+00  4.71947057e-01 -8.15158987e+01]
 [ 1.92323473e-02  2.49933969e+00 -1.38140812e+02]
 [ 2.01298568e-04  4.18047122e-03  1.00000000e+00]]
60:
[[ 1.56639298e+00  3.74575311e-01 -6.68176670e+01]
 [ 5.51387316e-02  2.02114595e+00 -1.04180068e+02]
 [ 2.47734994e-04  2.81356172e-03  1.00000000e+00]]
61:
[[ 1.83132071e+00  6.09731168e-01 -1.02093396e+02]
 [-7.64487222e-03  2.81107794e+00 -1.53012924e+02]
 [ 1.48348948e-04  4.85695763e-03  1.00000000e+00]]
62:
[[ 1.81454927e+00  5.62068005e-01 -9.44459189e+01]
 [-1.62406682e-02  2.75980777e+00 -1.48069901e+02]
 [ 2.49078065e-04  4.60091726e-03  1.00000000e+00]]
63:
[[ 1.87962114e+00  6.59192403e-01 -1.03089849e+02]
 [-1.12305271e-02  2.96129110e+00 -1.60456636e+02]
 [ 2.54902528e-04  5.21179425e-03  1.00000000e+00]]
64:
[[ 1.73958283e+00  5.85005876e-01 -8.97783237e+01]
 [ 5.76498040e-04  2.83182723e+00 -1.60297712e+02]
 [ 3.60311275e-05  4.82346672e-03  1.00000000e+00]]
65:
[[ 1.99269819e+00  8.06766419e-01 -1.18008729e+02]
 [-6.50563989e-03  3.34037015e+00 -1.86344466e+02]
 [ 2.70925575e-04  6.32682374e-03  1.00000000e+00]]
66:
[[ 1.97056854e+00  7.01881290e-01 -1.07361936e+02]
 [ 2.33663122e-02  3.10257381e+00 -1.76528157e+02]
 [ 3.57239863e-04  5.64644678e-03  1.00000000e+00]]
67:
[[ 1.98092091e+00  7.13227457e-01 -1.09547644e+02]
 [ 4.86836495e-02  3.21055279e+00 -1.91823705e+02]
 [ 2.50923755e-04  5.95666347e-03  1.00000000e+00]]
68:
[[ 1.85734729e+00  7.90055691e-01 -1.06215077e+02]
 [-1.77340779e-02  3.24324785e+00 -1.85359977e+02]
 [-1.05905935e-04  6.43184824e-03  1.00000000e+00]]
69:
[[ 2.05306645e+00  8.34337283e-01 -1.23988001e+02]
 [ 1.41311355e-02  3.37886760e+00 -1.98331064e+02]
 [ 1.88035050e-04  6.80818451e-03  1.00000000e+00]]
70:
[[ 2.02614044e+00  8.17801768e-01 -1.26360841e+02]
 [ 8.69746284e-03  3.25623879e+00 -1.88978473e+02]
 [ 2.08226550e-04  6.46303178e-03  1.00000000e+00]]
71:
[[ 2.14333303e+00  8.59307246e-01 -1.26118840e+02]
 [ 5.18739555e-03  3.45639553e+00 -1.99524595e+02]
 [ 3.45826370e-04  6.96324924e-03  1.00000000e+00]]
72:
[[ 1.96085270e+00  8.97165546e-01 -1.31562677e+02]
 [-3.97023785e-02  3.31392828e+00 -1.89580822e+02]
 [-9.98834693e-05  6.76242301e-03  1.00000000e+00]]
73:
[[ 2.22002671e+00  1.07598102e+00 -1.54257332e+02]
 [-3.43404569e-03  3.78025516e+00 -2.20267354e+02]
 [ 1.96204864e-04  8.11763080e-03  1.00000000e+00]]
74:
[[ 2.00488159e+00  9.50042830e-01 -1.29549500e+02]
 [-1.65965211e-02  3.34290540e+00 -1.89638631e+02]
 [ 3.29788935e-05  7.04235004e-03  1.00000000e+00]]
75:
[[ 2.04337331e+00  9.62246224e-01 -1.24236191e+02]
 [-2.81918992e-02  3.53060762e+00 -2.04902324e+02]
 [ 9.16004046e-05  7.42316152e-03  1.00000000e+00]]
76:
[[ 1.95614612e+00  9.22263102e-01 -1.21995431e+02]
 [-7.50275692e-03  3.38971505e+00 -1.99097096e+02]
 [-1.68204852e-04  7.15321903e-03  1.00000000e+00]]
77:
[[ 2.07108781e+00  1.00380207e+00 -1.39997261e+02]
 [-1.35181366e-02  3.58521569e+00 -2.12147786e+02]
 [-2.04598980e-04  7.93309049e-03  1.00000000e+00]]
78:
[[ 2.50535624e+00  1.25096951e+00 -1.81490745e+02]
 [-2.27148104e-03  4.26150885e+00 -2.54589660e+02]
 [ 4.12110828e-04  9.53324646e-03  1.00000000e+00]]
79:
[[ 2.46232706e+00  1.16292120e+00 -1.77545561e+02]
 [-2.35127612e-02  4.04645210e+00 -2.44651570e+02]
 [ 3.79889695e-04  9.02743025e-03  1.00000000e+00]]
80:
[[ 2.02795618e+00  9.53244754e-01 -1.33139891e+02]
 [-2.43776567e-02  3.47371936e+00 -2.01538879e+02]
 [-1.41989964e-04  7.61673697e-03  1.00000000e+00]]
81:
[[ 2.06502514e+00  9.50751195e-01 -1.33521181e+02]
 [-6.01207855e-03  3.53162416e+00 -2.10767048e+02]
 [-2.25171481e-05  7.63521401e-03  1.00000000e+00]]
82:
[[ 1.98329854e+00  9.25379324e-01 -1.26434536e+02]
 [-4.47360573e-04  3.38616071e+00 -2.03576200e+02]
 [-4.97067303e-05  7.18417586e-03  1.00000000e+00]]
83:
[[ 1.80054140e+00  8.25721195e-01 -1.03613573e+02]
 [-1.29778797e-02  3.12452898e+00 -1.83723193e+02]
 [-2.25440102e-04  6.49827758e-03  1.00000000e+00]]
84:
[[ 1.90204556e+00  8.59251728e-01 -1.20093289e+02]
 [-6.66804486e-03  3.21697224e+00 -1.89886291e+02]
 [-1.13779712e-04  6.60977066e-03  1.00000000e+00]]
85:
[[ 2.08616288e+00  8.09837959e-01 -1.29567812e+02]
 [-1.41549492e-02  3.24115831e+00 -1.85075814e+02]
 [ 2.17061567e-04  6.50418913e-03  1.00000000e+00]]
86:
[[ 1.85905469e+00  7.46370133e-01 -1.11923066e+02]
 [ 1.56968663e-02  2.96252949e+00 -1.74159250e+02]
 [-2.43258889e-05  5.81499878e-03  1.00000000e+00]]
87:
[[ 1.79430609e+00  7.41806356e-01 -1.07975302e+02]
 [-7.74341764e-03  2.96537926e+00 -1.70271131e+02]
 [-1.87475226e-04  5.78743406e-03  1.00000000e+00]]
88:
[[ 1.70600776e+00  5.50496508e-01 -8.48948953e+01]
 [-5.38368287e-03  2.59635945e+00 -1.42531475e+02]
 [-1.93657657e-05  4.61222516e-03  1.00000000e+00]]
89:
[[ 1.58471840e+00  5.24228736e-01 -7.94644460e+01]
 [-3.30477346e-02  2.47661637e+00 -1.31157406e+02]
 [-2.48583727e-04  4.33529202e-03  1.00000000e+00]]
90:
[[ 1.56460506e+00  3.53922032e-01 -6.40614634e+01]
 [ 5.83208749e-02  2.03329960e+00 -1.07497711e+02]
 [ 2.06811613e-04  2.89403990e-03  1.00000000e+00]]
91:
[[ 1.74022321e+00  5.78041842e-01 -8.85406162e+01]
 [ 2.30584734e-02  2.68151961e+00 -1.47080672e+02]
 [ 1.14014356e-04  4.58311450e-03  1.00000000e+00]]
92:
[[ 1.74611929e+00  6.20527064e-01 -9.92157964e+01]
 [-9.00652733e-03  2.77942989e+00 -1.52488549e+02]
 [ 7.04980522e-05  4.71449038e-03  1.00000000e+00]]
93:
[[ 1.81534608e+00  6.21584699e-01 -1.00413586e+02]
 [ 4.93544412e-03  2.83133940e+00 -1.52423979e+02]
 [ 2.24338369e-04  4.81657827e-03  1.00000000e+00]]
94:
[[ 1.89498724e+00  6.78915862e-01 -1.07823864e+02]
 [ 1.48249960e-02  3.02182406e+00 -1.72667088e+02]
 [ 2.35545261e-04  5.30981724e-03  1.00000000e+00]]
95:
[[ 1.93890269e+00  7.04054779e-01 -1.15525162e+02]
 [ 8.72670362e-03  3.11663671e+00 -1.80773576e+02]
 [ 2.23713224e-04  5.63530780e-03  1.00000000e+00]]
96:
[[ 1.81137175e+00  6.53775926e-01 -9.72645524e+01]
 [ 6.25635697e-04  2.96781635e+00 -1.68467434e+02]
 [ 3.91022311e-05  5.34454325e-03  1.00000000e+00]]
97:
[[ 1.96427014e+00  7.39739894e-01 -1.11426610e+02]
 [-2.71346863e-03  3.19389284e+00 -1.83225241e+02]
 [ 1.96996256e-04  6.06366858e-03  1.00000000e+00]]
98:
[[ 2.08513400e+00  8.40730797e-01 -1.27720837e+02]
 [ 2.11040791e-02  3.44564703e+00 -2.02995275e+02]
 [ 2.55483549e-04  6.80797282e-03  1.00000000e+00]]
99:
[[ 2.11318712e+00  9.10232759e-01 -1.31935962e+02]
 [ 8.55824837e-03  3.48571562e+00 -2.06044125e+02]
 [ 2.17887018e-04  7.05998152e-03  1.00000000e+00]]
100:
[[ 2.21628381e+00  1.00416108e+00 -1.44703017e+02]
 [-9.77853414e-03  3.88630547e+00 -2.29676087e+02]
 [ 2.21471888e-04  8.14003416e-03  1.00000000e+00]]
101:
[[ 1.99142471e+00  8.43258971e-01 -1.24779788e+02]
 [-4.47433309e-03  3.23659510e+00 -1.84199742e+02]
 [ 7.04609204e-05  6.42952667e-03  1.00000000e+00]]
102:
[[ 1.89887476e+00  7.99833622e-01 -1.19515144e+02]
 [-1.08994468e-02  3.16355081e+00 -1.80768822e+02]
 [ 2.96184118e-06  6.24793959e-03  1.00000000e+00]]
103:
[[ 2.12988288e+00  8.71333653e-01 -1.33063126e+02]
 [ 9.63454727e-03  3.45966744e+00 -1.98429434e+02]
 [ 2.27728815e-04  7.19990082e-03  1.00000000e+00]]
104:
[[ 2.28689322e+00  1.05571672e+00 -1.50228958e+02]
 [ 1.71218237e-02  3.87552643e+00 -2.32039760e+02]
 [ 3.83402509e-04  8.26677965e-03  1.00000000e+00]]
105:
[[ 2.28700983e+00  1.08414146e+00 -1.51263947e+02]
 [ 8.65473444e-03  4.02709074e+00 -2.44131427e+02]
 [ 2.51051417e-04  8.70082965e-03  1.00000000e+00]]
106:
[[ 2.10413990e+00  1.03148438e+00 -1.40622145e+02]
 [ 1.08663310e-02  3.61778097e+00 -2.14216084e+02]
 [-6.16935560e-05  7.89677517e-03  1.00000000e+00]]
107:
[[ 2.40447414e+00  1.10186182e+00 -1.69066455e+02]
 [ 2.88831978e-02  3.94606180e+00 -2.37004208e+02]
 [ 2.78551085e-04  8.80138041e-03  1.00000000e+00]]
108:
[[ 2.27101170e+00  1.05329769e+00 -1.54138377e+02]
 [-3.46831844e-03  3.78053395e+00 -2.24763999e+02]
 [ 2.55732131e-04  8.22182687e-03  1.00000000e+00]]
109:
[[ 1.92319238e+00  8.70688967e-01 -1.25126502e+02]
 [-3.44913722e-02  3.18817398e+00 -1.82058143e+02]
 [-1.72705619e-04  6.62085714e-03  1.00000000e+00]]
110:
[[ 2.26602148e+00  9.92720664e-01 -1.55410889e+02]
 [ 7.59004425e-03  3.67578205e+00 -2.26624624e+02]
 [ 2.36897138e-04  7.86516002e-03  1.00000000e+00]]
111:
[[ 2.13945533e+00  9.16203213e-01 -1.37612994e+02]
 [-1.08359816e-02  3.48174876e+00 -2.08765537e+02]
 [ 1.10346045e-04  7.48146186e-03  1.00000000e+00]]
112:
[[ 1.90490254e+00  9.03352312e-01 -1.26517919e+02]
 [-7.78219085e-03  3.36530986e+00 -2.03376821e+02]
 [-3.09219950e-04  7.15482474e-03  1.00000000e+00]]
113:
[[ 1.90082875e+00  8.74208529e-01 -1.14386314e+02]
 [-1.84470486e-02  3.31567434e+00 -1.92345071e+02]
 [-1.61038184e-04  6.98492727e-03  1.00000000e+00]]
114:
[[ 1.89835436e+00  8.16289636e-01 -1.14488388e+02]
 [ 5.78923464e-03  3.14850135e+00 -1.84946361e+02]
 [ 2.14416098e-05  6.39553324e-03  1.00000000e+00]]
115:
[[ 2.05568507e+00  8.08425127e-01 -1.24199451e+02]
 [ 3.06784359e-02  3.32815131e+00 -1.99108040e+02]
 [ 1.57696110e-04  6.74154242e-03  1.00000000e+00]]
116:
[[ 1.88713204e+00  6.48104686e-01 -1.08286744e+02]
 [ 1.84238261e-03  2.85823485e+00 -1.62806790e+02]
 [ 1.22825508e-04  5.33358329e-03  1.00000000e+00]]
117:
[[ 1.81425261e+00  6.62874287e-01 -1.02642586e+02]
 [-2.08166817e-15  2.76259506e+00 -1.54182510e+02]
 [-6.93889390e-18  5.16872624e-03  1.00000000e+00]]
118:
[[ 1.58071787e+00  4.97922436e-01 -7.42315543e+01]
 [-1.23612940e-02  2.39620199e+00 -1.31297204e+02]
 [-1.72474728e-04  4.09582091e-03  1.00000000e+00]]
119:
[[ 1.71395190e+00  5.12063855e-01 -8.48271499e+01]
 [ 2.63284545e-02  2.56517367e+00 -1.44081834e+02]
 [ 5.96374046e-05  4.32850785e-03  1.00000000e+00]]
120:
[[ 1.53698962e+00  3.75330238e-01 -6.40108688e+01]
 [ 6.30664308e-02  1.99916593e+00 -1.02198381e+02]
 [ 1.95148935e-04  2.79515782e-03  1.00000000e+00]]
121:
[[ 1.90655384e+00  6.88989341e-01 -1.02285212e+02]
 [-6.57848419e-03  3.03405893e+00 -1.67955313e+02]
 [ 2.37145949e-04  5.35778469e-03  1.00000000e+00]]
122:
[[ 2.02319513e+00  7.65631943e-01 -1.19626148e+02]
 [-6.10053636e-03  3.21996098e+00 -1.80461875e+02]
 [ 3.02993637e-04  5.96887546e-03  1.00000000e+00]]
123:
[[ 2.08000906e+00  7.38229862e-01 -1.19477989e+02]
 [ 2.35956752e-02  3.30397634e+00 -1.93140185e+02]
 [ 4.11857072e-04  6.08861620e-03  1.00000000e+00]]
124:
[[ 2.02926932e+00  8.08520860e-01 -1.15897140e+02]
 [ 1.61342850e-02  3.38092114e+00 -1.97409373e+02]
 [ 3.10772325e-04  6.38808328e-03  1.00000000e+00]]
125:
[[ 1.97944555e+00  8.11641390e-01 -1.11274044e+02]
 [ 1.89235530e-02  3.44356860e+00 -2.05835440e+02]
 [ 1.52104085e-04  6.61502365e-03  1.00000000e+00]]
126:
[[ 2.07855285e+00  8.90243119e-01 -1.24276361e+02]
 [ 3.35915065e-02  3.53635290e+00 -2.10949354e+02]
 [ 2.97902634e-04  6.89882672e-03  1.00000000e+00]]
127:
[[ 2.17809366e+00  9.43185943e-01 -1.38156362e+02]
 [ 2.13813605e-02  3.74253415e+00 -2.24362279e+02]
 [ 2.69505130e-04  7.58321311e-03  1.00000000e+00]]
128:
[[ 2.07649161e+00  8.47854318e-01 -1.32433376e+02]
 [ 7.20544699e-03  3.44285069e+00 -2.07842464e+02]
 [ 1.57995732e-04  6.71896296e-03  1.00000000e+00]]
129:
[[ 2.22926462e+00  1.02642277e+00 -1.51884303e+02]
 [ 2.01928751e-02  3.77959393e+00 -2.27921575e+02]
 [ 1.77266151e-04  8.04895401e-03  1.00000000e+00]]
130:
[[ 2.11552315e+00  1.01925746e+00 -1.41777618e+02]
 [-2.23812614e-02  3.70606192e+00 -2.14630516e+02]
 [ 1.19579848e-04  7.83248005e-03  1.00000000e+00]]
131:
[[ 2.18053302e+00  9.18992497e-01 -1.37432241e+02]
 [-9.05349218e-03  3.59863916e+00 -2.11898149e+02]
 [ 2.55805353e-04  7.34228605e-03  1.00000000e+00]]
132:
[[ 1.99374707e+00  8.98255836e-01 -1.25401619e+02]
 [-6.35511768e-04  3.46171946e+00 -2.02584364e+02]
 [-4.88855206e-05  7.17029064e-03  1.00000000e+00]]
133:
[[ 1.97388909e+00  8.76869656e-01 -1.27609151e+02]
 [ 3.62649222e-03  3.35363079e+00 -1.93217331e+02]
 [-1.25673908e-04  7.04977288e-03  1.00000000e+00]]
134:
[[ 2.15928222e+00  9.28165912e-01 -1.40809290e+02]
 [-3.35969542e-03  3.48859766e+00 -2.02133559e+02]
 [ 1.90601858e-04  7.53447642e-03  1.00000000e+00]]
135:
[[ 2.06502365e+00  9.64653355e-01 -1.39326738e+02]
 [-5.68649180e-04  3.45687249e+00 -2.04979162e+02]
 [-5.16953800e-05  7.47255289e-03  1.00000000e+00]]
136:
[[ 1.95221668e+00  9.67545063e-01 -1.29731616e+02]
 [-1.26593897e-02  3.47918588e+00 -2.11603030e+02]
 [-2.42890146e-04  7.50776801e-03  1.00000000e+00]]
137:
[[ 2.24991638e+00  1.02875436e+00 -1.57581908e+02]
 [ 5.03988437e-04  3.75925850e+00 -2.26793118e+02]
 [ 5.59987152e-05  8.33233713e-03  1.00000000e+00]]
138:
[[ 2.10224807e+00  9.70647226e-01 -1.46231646e+02]
 [-6.54199683e-03  3.50633020e+00 -2.07669675e+02]
 [-7.47689271e-05  7.62699914e-03  1.00000000e+00]]
139:
[[ 2.39440783e+00  1.05446150e+00 -1.62587578e+02]
 [-1.50664417e-02  3.89749438e+00 -2.28047799e+02]
 [ 3.34785076e-04  8.59260489e-03  1.00000000e+00]]
140:
[[ 2.17289774e+00  1.11511071e+00 -1.55051467e+02]
 [-4.23709259e-02  3.75701480e+00 -2.17738487e+02]
 [-5.10513774e-05  8.46297573e-03  1.00000000e+00]]
141:
[[ 2.17465979e+00  9.82986794e-01 -1.46609224e+02]
 [ 8.03595370e-03  3.57512793e+00 -2.12828388e+02]
 [ 1.81556132e-04  7.62256435e-03  1.00000000e+00]]
142:
[[ 1.87381953e+00  7.76774722e-01 -1.15580614e+02]
 [-1.25863926e-02  3.03831006e+00 -1.77013263e+02]
 [-1.75758296e-04  6.20837764e-03  1.00000000e+00]]
143:
[[ 2.49468974e+00  1.25232713e+00 -1.79541063e+02]
 [ 1.59804311e-02  4.19712828e+00 -2.58236900e+02]
 [ 3.61657871e-04  9.46436265e-03  1.00000000e+00]]
144:
[[ 1.92527454e+00  8.99169720e-01 -1.24761691e+02]
 [-1.26162106e-02  3.29904132e+00 -1.93099594e+02]
 [-1.39771269e-04  6.95176710e-03  1.00000000e+00]]
145:
[[ 2.18849818e+00  1.00182252e+00 -1.46999627e+02]
 [ 1.37278078e-02  3.63812487e+00 -2.17166206e+02]
 [ 1.51682037e-04  7.73520050e-03  1.00000000e+00]]
146:
[[ 2.07870594e+00  8.24710897e-01 -1.31458091e+02]
 [ 3.23002020e-02  3.18881978e+00 -1.88985178e+02]
 [ 2.56466692e-04  6.47074793e-03  1.00000000e+00]]
147:
[[ 2.07267305e+00  7.55255633e-01 -1.21582822e+02]
 [ 1.12934083e-02  3.16333341e+00 -1.83374578e+02]
 [ 3.84561709e-04  6.09036914e-03  1.00000000e+00]]
148:
[[ 1.71723956e+00  5.87465110e-01 -9.30812385e+01]
 [-1.34574044e-03  2.61147856e+00 -1.43725703e+02]
 [-7.47633577e-05  4.69524722e-03  1.00000000e+00]]
149:
[[ 1.71014274e+00  4.77773308e-01 -8.19250758e+01]
 [ 7.28632454e-03  2.39113460e+00 -1.30763550e+02]
 [ 1.23812065e-04  3.98676915e-03  1.00000000e+00]]
150:
[[ 1.54359937e+00  3.83594223e-01 -6.60612813e+01]
 [ 5.65259023e-02  2.01930975e+00 -1.01827298e+02]
 [ 2.75334565e-04  2.74520861e-03  1.00000000e+00]]
151:
[[ 1.74059196e+00  5.40356833e-01 -8.22758899e+01]
 [ 2.86228610e-03  2.71838984e+00 -1.48158164e+02]
 [ 1.43114305e-04  4.54592676e-03  1.00000000e+00]]
152:
[[ 1.85124368e+00  6.87689051e-01 -1.04010049e+02]
 [-1.86871967e-02  3.05171128e+00 -1.66912776e+02]
 [ 1.60212591e-04  5.46538554e-03  1.00000000e+00]]
153:
[[ 1.96079643e+00  7.68409939e-01 -1.11899607e+02]
 [ 2.31195079e-02  3.21266313e+00 -1.84772009e+02]
 [ 3.56487240e-04  5.81351316e-03  1.00000000e+00]]
154:
[[ 1.87616406e+00  7.28605886e-01 -1.05998316e+02]
 [-1.12510048e-02  3.17398676e+00 -1.83099237e+02]
 [-3.93391777e-05  5.97220853e-03  1.00000000e+00]]
155:
[[ 1.94829669e+00  8.11309580e-01 -1.20501848e+02]
 [ 6.37111485e-03  3.26618023e+00 -1.91206576e+02]
 [ 6.36667298e-05  6.23045579e-03  1.00000000e+00]]
156:
[[ 1.87966739e+00  7.58720435e-01 -1.12333521e+02]
 [ 7.19546615e-04  3.10594706e+00 -1.75390173e+02]
 [ 4.23262715e-05  5.87356531e-03  1.00000000e+00]]
157:
[[ 2.26020993e+00  8.80954925e-01 -1.39852031e+02]
 [ 4.82734687e-02  3.69087168e+00 -2.27367237e+02]
 [ 4.97971856e-04  7.19353719e-03  1.00000000e+00]]
158:
[[ 2.04577078e+00  8.69924850e-01 -1.19375440e+02]
 [-9.46993126e-03  3.53270986e+00 -2.07949335e+02]
 [ 1.94805123e-04  7.01615985e-03  1.00000000e+00]]
159:
[[ 2.08173864e+00  8.79333399e-01 -1.29323296e+02]
 [-2.77997887e-02  3.54237239e+00 -2.02913629e+02]
 [ 8.70806920e-05  7.22439580e-03  1.00000000e+00]]
160:
[[ 2.26946737e+00  1.00896692e+00 -1.52929022e+02]
 [-1.57295521e-02  3.86209365e+00 -2.27716241e+02]
 [ 2.54340261e-04  8.14547903e-03  1.00000000e+00]]
161:
[[ 1.85351162e+00  8.13376777e-01 -1.11541312e+02]
 [-2.31518913e-02  3.21772596e+00 -1.86147643e+02]
 [-1.27841386e-04  6.50416023e-03  1.00000000e+00]]
162:
[[ 1.97410919e+00  8.57655145e-01 -1.25681856e+02]
 [-1.68779911e-02  3.30481364e+00 -1.90486475e+02]
 [-1.69059509e-05  6.64794007e-03  1.00000000e+00]]
163:
[[ 2.00251303e+00  1.00855848e+00 -1.41213450e+02]
 [ 3.01105666e-03  3.52208575e+00 -2.05008145e+02]
 [-1.82411153e-04  7.54630698e-03  1.00000000e+00]]
164:
[[ 2.00646492e+00  8.58305833e-01 -1.27213329e+02]
 [-1.17275483e-02  3.27239493e+00 -1.89972046e+02]
 [-4.39234020e-05  6.90770520e-03  1.00000000e+00]]
165:
[[ 2.17374367e+00  9.89338100e-01 -1.41903371e+02]
 [ 1.27626411e-03  3.67142247e+00 -2.22945946e+02]
 [ 1.59533014e-04  7.86150687e-03  1.00000000e+00]]
166:
[[ 2.07964182e+00  8.31128506e-01 -1.30189687e+02]
 [ 1.78798767e-02  3.26536224e+00 -2.01496786e+02]
 [ 1.13669046e-04  6.73713795e-03  1.00000000e+00]]
167:
[[ 2.22747563e+00  1.12821261e+00 -1.58968420e+02]
 [ 1.83287765e-02  3.83768272e+00 -2.32835829e+02]
 [ 1.38447792e-05  8.57800740e-03  1.00000000e+00]]
168:
[[ 2.08143555e+00  8.44974234e-01 -1.33537541e+02]
 [ 2.32502119e-02  3.33687135e+00 -2.00520027e+02]
 [ 3.93284450e-05  7.03528526e-03  1.00000000e+00]]
169:
[[ 2.07590115e+00  8.90605651e-01 -1.29622943e+02]
 [-4.59345313e-03  3.46264536e+00 -2.06624226e+02]
 [ 1.27250685e-04  7.20258648e-03  1.00000000e+00]]
170:
[[ 2.11126953e+00  9.38935104e-01 -1.37309856e+02]
 [-4.60241337e-03  3.47708286e+00 -2.07391764e+02]
 [ 1.33021115e-04  7.44039248e-03  1.00000000e+00]]
171:
[[ 2.11558444e+00  9.86709958e-01 -1.40544088e+02]
 [ 2.42290623e-02  3.54585152e+00 -2.18074407e+02]
 [ 9.00708634e-05  7.52321189e-03  1.00000000e+00]]
172:
[[ 2.04741689e+00  9.60006586e-01 -1.39492415e+02]
 [-2.42656576e-02  3.43943478e+00 -1.99438187e+02]
 [-1.41077755e-04  7.51203561e-03  1.00000000e+00]]
173:
[[ 2.00582843e+00  9.28697733e-01 -1.33890624e+02]
 [-2.94475713e-02  3.40299656e+00 -1.95505333e+02]
 [-1.09470525e-04  7.25433977e-03  1.00000000e+00]]
174:
[[ 1.85904550e+00  7.79773768e-01 -1.13875076e+02]
 [ 4.42211488e-03  2.93673188e+00 -1.70355815e+02]
 [-6.78494754e-05  5.93087961e-03  1.00000000e+00]]
175:
[[ 1.83731928e+00  7.79096386e-01 -1.12440687e+02]
 [-2.85679192e-02  2.99812809e+00 -1.70798380e+02]
 [-1.89734347e-04  6.05298242e-03  1.00000000e+00]]
176:
[[ 2.16784685e+00  8.90237022e-01 -1.42648181e+02]
 [-9.22482391e-03  3.47460561e+00 -2.05568786e+02]
 [ 2.54658524e-04  7.15384272e-03  1.00000000e+00]]
177:
[[ 1.89535631e+00  6.87771494e-01 -1.11135196e+02]
 [ 1.24578898e-02  2.85436312e+00 -1.65866425e+02]
 [ 1.24992352e-04  5.41601661e-03  1.00000000e+00]]
178:
[[ 1.78681401e+00  4.90537917e-01 -8.53271285e+01]
 [ 4.88593182e-03  2.49899838e+00 -1.38393325e+02]
 [ 2.87407754e-04  4.17515696e-03  1.00000000e+00]]
179:
[[ 1.55310046e+00  4.74246541e-01 -7.31155781e+01]
 [-3.45418544e-03  2.27735885e+00 -1.19674959e+02]
 [-1.64485021e-04  3.77679148e-03  1.00000000e+00]]
180:
[[ 1.62344616e+00  3.58712483e-01 -6.50198815e+01]
 [ 8.41949834e-02  2.07750828e+00 -1.08036131e+02]
 [ 4.58604155e-04  2.86194482e-03  1.00000000e+00]]
181:
[[ 1.86941327e+00  6.14482451e-01 -9.95317460e+01]
 [ 3.36616751e-02  2.74714234e+00 -1.52875590e+02]
 [ 3.27671421e-04  4.68537734e-03  1.00000000e+00]]
182:
[[ 1.69367655e+00  5.69761346e-01 -8.70530925e+01]
 [-3.02078261e-02  2.63621442e+00 -1.38523255e+02]
 [-6.25304315e-06  4.45310468e-03  1.00000000e+00]]
183:
[[ 1.85822520e+00  6.81706896e-01 -1.02955496e+02]
 [ 3.58859724e-02  3.02574635e+00 -1.75626233e+02]
 [ 1.97082344e-04  5.34274644e-03  1.00000000e+00]]
184:
[[ 1.74204643e+00  6.33052236e-01 -9.11690683e+01]
 [ 9.62046714e-03  2.86230327e+00 -1.61319789e+02]
 [-3.74708215e-05  5.07729632e-03  1.00000000e+00]]
185:
[[ 1.95474934e+00  7.35211069e-01 -1.11999153e+02]
 [-3.66781966e-03  3.25537084e+00 -1.89921596e+02]
 [ 1.49761950e-04  6.08509028e-03  1.00000000e+00]]
186:
[[ 2.01080782e+00  7.61349377e-01 -1.11979426e+02]
 [ 1.94065141e-02  3.36067528e+00 -2.00676866e+02]
 [ 1.95404732e-04  6.40739241e-03  1.00000000e+00]]
187:
[[ 1.91731748e+00  7.35182795e-01 -1.07057276e+02]
 [ 2.82760522e-02  3.19244937e+00 -1.88012302e+02]
 [ 5.89622642e-05  6.08782287e-03  1.00000000e+00]]
188:
[[ 1.98126130e+00  8.12703814e-01 -1.20749963e+02]
 [ 1.24481940e-02  3.30396474e+00 -1.92423763e+02]
 [ 8.65129383e-05  6.41646107e-03  1.00000000e+00]]
189:
[[ 2.19248818e+00  8.93663698e-01 -1.28724381e+02]
 [ 2.42502796e-02  3.65046057e+00 -2.12750188e+02]
 [ 3.73656750e-04  7.36728733e-03  1.00000000e+00]]
190:
[[ 2.00164538e+00  8.60549043e-01 -1.23477025e+02]
 [-1.48663453e-02  3.28952125e+00 -1.83990735e+02]
 [ 1.19464964e-04  6.46662806e-03  1.00000000e+00]]
191:
[[ 2.01887462e+00  8.32475807e-01 -1.23712528e+02]
 [-3.28075605e-03  3.32192617e+00 -1.90890660e+02]
 [ 1.65635094e-04  6.60795435e-03  1.00000000e+00]]
192:
[[ 2.34087451e+00  8.93073661e-01 -1.42915940e+02]
 [ 2.61624772e-02  3.71227116e+00 -2.20957826e+02]
 [ 5.52633471e-04  7.65300010e-03  1.00000000e+00]]
193:
[[ 1.95298716e+00  8.44290704e-01 -1.14343884e+02]
 [-1.70273906e-02  3.34937594e+00 -1.93147050e+02]
 [-1.66496349e-05  6.85064240e-03  1.00000000e+00]]
194:
[[ 2.08696426e+00  8.24231203e-01 -1.28189920e+02]
 [ 1.49796719e-02  3.34289311e+00 -1.96012716e+02]
 [ 2.41788158e-04  6.83891088e-03  1.00000000e+00]]
195:
[[ 2.13995845e+00  8.04898133e-01 -1.32963184e+02]
 [ 1.51941888e-02  3.39343938e+00 -2.02084549e+02]
 [ 2.90942837e-04  6.90792095e-03  1.00000000e+00]]
196:
[[ 2.21841636e+00  1.06825983e+00 -1.48865787e+02]
 [-1.06218545e-02  3.79411528e+00 -2.26773207e+02]
 [ 1.73281101e-04  8.21792545e-03  1.00000000e+00]]
197:
[[ 2.12529460e+00  9.85918529e-01 -1.43897682e+02]
 [ 6.05665068e-03  3.55239619e+00 -2.14309100e+02]
 [ 2.26840850e-05  7.67155526e-03  1.00000000e+00]]
198:
[[ 1.99286962e+00  8.94508212e-01 -1.26650869e+02]
 [ 3.88723095e-03  3.39419365e+00 -1.98581250e+02]
 [-1.27902259e-04  7.21435255e-03  1.00000000e+00]]
199:
[[ 2.43247988e+00  1.16158484e+00 -1.65470379e+02]
 [-1.53318770e-02  4.08157151e+00 -2.39260664e+02]
 [ 3.57918641e-04  9.23183254e-03  1.00000000e+00]]
200:
[[ 2.03005701e+00  9.02916367e-01 -1.31428383e+02]
 [-3.97320358e-02  3.32588697e+00 -1.92996404e+02]
 [-5.43119981e-05  6.97815534e-03  1.00000000e+00]]
201:
[[ 2.25523975e+00  1.10146302e+00 -1.52614878e+02]
 [ 7.60449034e-03  3.84117868e+00 -2.30768598e+02]
 [ 1.38990434e-04  8.53839182e-03  1.00000000e+00]]
202:
[[ 2.20346559e+00  1.02728247e+00 -1.50487029e+02]
 [-2.30535453e-02  3.68622858e+00 -2.13147747e+02]
 [ 7.13704082e-05  8.07087895e-03  1.00000000e+00]]
203:
[[ 1.99376062e+00  9.63555155e-01 -1.36773551e+02]
 [ 4.14314571e-03  3.39124253e+00 -2.01264649e+02]
 [-1.29407440e-04  7.28854740e-03  1.00000000e+00]]
204:
[[ 1.92475024e+00  8.88094898e-01 -1.24627006e+02]
 [-2.89826714e-02  3.17995670e+00 -1.83197310e+02]
 [-1.55092831e-04  6.72363583e-03  1.00000000e+00]]
205:
[[ 2.32738479e+00  1.00387501e+00 -1.51333876e+02]
 [ 3.01795354e-02  3.81774813e+00 -2.30800683e+02]
 [ 4.29488261e-04  8.11221148e-03  1.00000000e+00]]
206:
[[ 2.32151017e+00  9.77507762e-01 -1.60924966e+02]
 [ 2.31866498e-02  3.67216044e+00 -2.22807982e+02]
 [ 4.46301607e-04  7.70340570e-03  1.00000000e+00]]
207:
[[ 2.15689262e+00  8.76007002e-01 -1.38409167e+02]
 [ 2.66183379e-02  3.44535599e+00 -2.09015102e+02]
 [ 2.85911845e-04  6.99057204e-03  1.00000000e+00]]
208:
[[ 1.94891952e+00  7.51540823e-01 -1.18264457e+02]
 [ 5.61441226e-02  3.06570051e+00 -1.87206132e+02]
 [ 7.85091386e-05  6.15747045e-03  1.00000000e+00]]
209:
[[ 1.93939205e+00  7.01093070e-01 -1.07153638e+02]
 [ 2.57750441e-02  2.98833543e+00 -1.75038930e+02]
 [ 2.53160068e-04  5.59316291e-03  1.00000000e+00]]
210:
[[ 1.51546722e+00  3.58405683e-01 -6.13330057e+01]
 [ 7.26446182e-02  2.03557949e+00 -1.08618446e+02]
 [ 2.01349135e-04  2.85823639e-03  1.00000000e+00]]
211:
[[ 1.68080383e+00  5.16978390e-01 -8.22145117e+01]
 [ 2.22168255e-03  2.57198227e+00 -1.36797790e+02]
 [ 1.00985570e-04  4.12576395e-03  1.00000000e+00]]
212:
[[ 1.94650333e+00  6.75893624e-01 -1.05849721e+02]
 [-9.51320309e-03  3.11654680e+00 -1.68547016e+02]
 [ 3.48862173e-04  5.54825032e-03  1.00000000e+00]]
213:
[[ 1.87188927e+00  6.84806547e-01 -1.05280830e+02]
 [-1.35309553e-02  3.04021491e+00 -1.66569307e+02]
 [ 1.39440567e-04  5.43748608e-03  1.00000000e+00]]
214:
[[ 1.84080309e+00  6.64921133e-01 -9.80759837e+01]
 [ 7.49448779e-03  3.01936694e+00 -1.73407056e+02]
 [ 1.37805292e-04  5.39560719e-03  1.00000000e+00]]
215:
[[ 1.91619525e+00  7.41113144e-01 -1.10519742e+02]
 [-1.72332557e-03  3.15377983e+00 -1.78189386e+02]
 [ 2.30387149e-04  5.78269270e-03  1.00000000e+00]]
216:
[[ 2.09629427e+00  8.09757901e-01 -1.28855376e+02]
 [ 4.78454281e-03  3.36427450e+00 -1.98480190e+02]
 [ 3.98711901e-04  6.29346112e-03  1.00000000e+00]]
217:
[[ 2.00551664e+00  8.43547751e-01 -1.21064752e+02]
 [ 1.35818270e-02  3.38646536e+00 -2.00502917e+02]
 [ 1.74924821e-04  6.46583425e-03  1.00000000e+00]]
218:
[[ 1.87187401e+00  6.68263244e-01 -9.86413158e+01]
 [-3.48220197e-03  3.01434874e+00 -1.73653234e+02]
 [ 1.40839904e-04  5.48664302e-03  1.00000000e+00]]
219:
[[ 2.22666251e+00  8.68659460e-01 -1.34366857e+02]
 [ 4.38136104e-02  3.61159250e+00 -2.14677648e+02]
 [ 4.77632186e-04  7.05643374e-03  1.00000000e+00]]
220:
[[ 1.94922635e+00  6.89261883e-01 -1.07842659e+02]
 [ 7.20616330e-03  3.09659216e+00 -1.83387946e+02]
 [ 1.49071052e-04  5.89517167e-03  1.00000000e+00]]
221:
[[ 2.18126294e+00  9.78296064e-01 -1.43503937e+02]
 [ 2.90020240e-03  3.71694245e+00 -2.16995321e+02]
 [ 2.07157314e-04  7.68861180e-03  1.00000000e+00]]
222:
[[ 2.10600242e+00  8.40081949e-01 -1.32055836e+02]
 [ 1.43171524e-02  3.40257075e+00 -1.98401085e+02]
 [ 1.87520791e-04  6.82111876e-03  1.00000000e+00]]
223:
[[ 2.26522002e+00  9.36498127e-01 -1.44283412e+02]
 [ 2.27798555e-02  3.70813701e+00 -2.20590714e+02]
 [ 3.34544737e-04  7.72270115e-03  1.00000000e+00]]
224:
[[ 1.95275886e+00  8.82134347e-01 -1.20874609e+02]
 [-3.40911362e-02  3.34700641e+00 -1.90398522e+02]
 [-3.30332398e-05  6.93725794e-03  1.00000000e+00]]
225:
[[ 2.26053043e+00  9.96598358e-01 -1.48690642e+02]
 [-9.67795285e-03  3.80403311e+00 -2.29046668e+02]
 [ 3.27760404e-04  7.99179096e-03  1.00000000e+00]]
226:
[[ 2.35263762e+00  1.04566118e+00 -1.55425640e+02]
 [ 1.13152568e-02  3.80976368e+00 -2.30584318e+02]
 [ 5.25417442e-04  8.09391188e-03  1.00000000e+00]]
227:
[[ 2.22761604e+00  1.00618955e+00 -1.54001142e+02]
 [-1.64280640e-02  3.66478466e+00 -2.15336280e+02]
 [ 1.44987500e-04  7.87394778e-03  1.00000000e+00]]
228:
[[ 2.03407249e+00  9.07641439e-01 -1.25100289e+02]
 [-5.06492154e-04  3.45827835e+00 -2.06606840e+02]
 [-5.06492154e-05  7.37964728e-03  1.00000000e+00]]
229:
[[ 1.95438774e+00  8.21267206e-01 -1.20786095e+02]
 [-1.24866025e-02  3.19847595e+00 -1.86846572e+02]
 [-1.38194984e-04  6.72250025e-03  1.00000000e+00]]
230:
[[ 2.42288083e+00  1.00031382e+00 -1.61387476e+02]
 [ 7.53167164e-03  3.75466545e+00 -2.20508703e+02]
 [ 5.79359357e-04  8.16092028e-03  1.00000000e+00]]
231:
[[ 1.90334879e+00  8.28227895e-01 -1.21352706e+02]
 [-1.85145928e-02  3.14834448e+00 -1.82017360e+02]
 [-2.02563271e-04  6.56284342e-03  1.00000000e+00]]
232:
[[ 1.91623959e+00  8.67073349e-01 -1.22980421e+02]
 [-4.53682057e-02  3.20115704e+00 -1.80758328e+02]
 [-1.68030392e-04  6.63902688e-03  1.00000000e+00]]
233:
[[ 2.38651180e+00  1.08425106e+00 -1.63319652e+02]
 [ 8.73304759e-03  4.06459666e+00 -2.49567042e+02]
 [ 3.15538639e-04  8.89441530e-03  1.00000000e+00]]
234:
[[ 2.08787854e+00  9.54495965e-01 -1.36648136e+02]
 [-5.46181561e-03  3.56228715e+00 -2.08282211e+02]
 [ 2.94893955e-05  7.60826404e-03  1.00000000e+00]]
235:
[[ 2.16847041e+00  1.04259425e+00 -1.50617873e+02]
 [-5.67540428e-03  3.78208679e+00 -2.26443033e+02]
 [ 3.11745248e-05  8.16772551e-03  1.00000000e+00]]
236:
[[ 2.25166522e+00  9.72027736e-01 -1.50423731e+02]
 [-1.67288423e-03  3.58905169e+00 -2.09954296e+02]
 [ 3.52328431e-04  7.62597318e-03  1.00000000e+00]]
237:
[[ 2.09433278e+00  8.48200850e-01 -1.36613129e+02]
 [-3.43640678e-03  3.23538703e+00 -1.91044861e+02]
 [ 2.17438137e-04  6.60071445e-03  1.00000000e+00]]
238:
[[ 2.16533803e+00  8.27544507e-01 -1.36271877e+02]
 [ 2.28368975e-02  3.34220330e+00 -1.96453523e+02]
 [ 3.61967522e-04  6.74025529e-03  1.00000000e+00]]
239:
[[ 1.75991594e+00  5.20137375e-01 -9.16320050e+01]
 [ 1.22431507e-02  2.56724393e+00 -1.43112080e+02]
 [ 1.12858032e-04  4.45983811e-03  1.00000000e+00]]
